=========semua chanel============
[[[111 134 119]
  [111 134 119]
  [111 134 119]
  ...
  [105 131 113]
  [105 131 113]
  [105 131 113]]

 [[111 134 119]
  [111 134 119]
  [111 134 119]
  ...
  [106 132 114]
  [105 131 113]]

 [[109 135 119]
  [109 135 119]
  [109 135 119]
  ...
  [106 132 114]
  [105 131 113]
  [105 131 113]]

 ...

 [[ 93 139 117]
  [ 93 139 117]
  [ 93 139 117]
  ...
  [ 94 141 119]
  [ 94 141 119]
  [ 93 140 118]]

 [[ 93 139 117]
  [ 93 139 117]
  [ 93 139 117]
  ...
  [ 93 140 118]
  [ 93 140 118]
  [ 92 139 117]]

 [[ 92 138 115]
  [ 92 138 115]
  [ 92 138 115]
  ...
  [ 91 138 116]
  [ 91 138 116]
  [ 90 137 115]]]



  =========blue============
 [[111 111 111 ... 105 105 105]
 [111 111 111 ... 106 105 105]
 [109 109 109 ... 106 105 105]
 ...
 [ 93  93  93 ...  94  94  93]
 [ 93  93  93 ...  93  93  92]
 [ 92  92  92 ...  91  91  90]]

=========green============
 [[134 134 134 ... 131 131 131]
 [134 134 134 ... 132 131 131]
 [135 135 135 ... 132 131 131]
 ...
 [139 139 139 ... 141 141 140]
 [139 139 139 ... 140 140 139]
 [138 138 138 ... 138 138 137]]

=========red============
 [[119 119 119 ... 113 113 113]
 [119 119 119 ... 114 113 113]
 [119 119 119 ... 114 113 113]
 ...
 [117 117 117 ... 119 119 118]
 [117 117 117 ... 118 118 117]
 [115 115 115 ... 116 116 115]]